11
-0.15 0.2 -1 0 0 0 0 0 0
-0.15 0.2 -1 0 7 20 -16 0 0
-0.15 0.38 -0.83 0 7 -28 25 0 0
-0.15 0.28 -0.56 0 -3 17 -23 0 0
-0.15 0.280001 -0.560003 0 -3 17 -23 -14 0
-0.15 0.280001 -0.560003 0 13 27 -31 -14 -31.6001
-0.15 0.280001 -0.560003 0 -5 20.9999 -15 -20 -1.60004
-0.15 0.390001 -0.320004 0 4.99999 -20.0002 30.0001 -23.0001 -1.60004
-0.15 0.27 -0.200003 -37.4 4.99998 -20.0004 9.00028 6.99982 -1.60004
-0.27 0.18 -0.200003 -83.8993 4.99998 -11.0006 0.000376701 6.99973 -1.60004
-0.27 0.179998 -0.200003 -88.2993 5.99998 8.99905 -29.9995 1.99967 -26.5001
